0 0.802678 0.499077 0.113302 0.196705
0 0.641044 0.937443 0.0764604 0.120211
0 0.49705 0.0805449 0.104766 0.117624
0 0.171539 0.61332 0.0949326 0.178226
0 0.535501 0.318995 0.101609 0.267835
0 0.620996 0.62552 0.0707462 0.131351
0 0.53503 0.60273 0.0715523 0.137957
0 0.734689 0.282208 0.120692 0.215001
1 0.438001 0.324089 0.0898898 0.266488
0 0.487278 0.857206 0.0870119 0.251318
0 0.5689 0.799989 0.0596193 0.209094
0 0.897655 0.254 0.0803987 0.164579
0 0.299963 0.675339 0.103941 0.300096
0 0.384423 0.696928 0.0736453 0.266966
0 0.31137 0.208936 0.0954609 0.195001
0 0.716398 0.0840368 0.103019 0.130055
0 0.859314 0.801988 0.156093 0.28314
0 0.131843 0.112457 0.0951813 0.1363
1 0.430083 0.295662 0.0954068 0.300893
0 0.66311 0.477582 0.0801637 0.101198
0 0.301334 0.229317 0.100549 0.157812
0 0.174676 0.861725 0.137567 0.106849
0 0.73732 0.746236 0.0712637 0.123713
0 0.32908 0.219431 0.142946 0.193657
0 0.88126 0.81451 0.146751 0.272887
0 0.63755 0.560267 0.0551458 0.141632
0 0.65613 0.502474 0.0787836 0.150053
0 0.292642 0.631903 0.103613 0.270044
