1 0.725711 0.613463 0.0642065 0.108147
1 0.602946 0.242525 0.0644806 0.129631
1 0.380424 0.966026 0.0422009 0.0679472
1 0.347381 0.557983 0.0747795 0.181437
1 0.972256 0.822509 0.0522369 0.135877
1 0.504853 0.926151 0.0450776 0.133435
1 0.321953 0.85474 0.0453084 0.128904
1 0.487191 0.251119 0.0576938 0.115666
1 0.420888 0.10711 0.0523762 0.133642
1 0.14948 0.393172 0.0531156 0.111644
1 0.551583 0.0712468 0.0544064 0.111393
1 0.592352 0.890608 0.0520285 0.117312
1 0.715139 0.436599 0.0636964 0.123225
1 0.438861 0.351002 0.0592888 0.121765
1 0.594355 0.556191 0.0820978 0.107946
1 0.565725 0.688886 0.0587456 0.143021
1 0.81969 0.232113 0.0544575 0.0939182
1 0.153581 0.964984 0.0548631 0.0700311
1 0.611205 0.403225 0.0650761 0.159794
1 0.295615 0.358501 0.0539025 0.134717
0 0.364083 0.218366 0.0539498 0.137164
1 0.838117 0.772312 0.0457663 0.106654
0 0.42194 0.534144 0.0687143 0.173626
1 0.389478 0.732406 0.0481226 0.103201
0 0.879144 0.668355 0.0420631 0.0978591
1 0.699878 0.748291 0.0433145 0.0921678
1 0.379971 0.846717 0.0393626 0.10784
1 0.230549 0.753311 0.067404 0.171409
0 0.0796779 0.621653 0.0382599 0.135033
1 0.561355 0.665647 0.0517311 0.0970185
1 0.584253 0.551779 0.0554302 0.0948632
1 0.23657 0.0839445 0.0373212 0.107838
0 0.769372 0.9107 0.0556613 0.105765
0 0.203102 0.14762 0.0352319 0.0938881
1 0.606741 0.375985 0.0576973 0.111889
0 0.236479 0.089516 0.0385187 0.116906
1 0.433206 0.34248 0.0483557 0.0981313
