0 0.221501 0.767664 0.0657012 0.167467
0 0.350067 0.603604 0.112918 0.25809
0 0.627148 0.383553 0.0580396 0.12995
0 0.614343 0.569856 0.0956695 0.111844
0 0.510351 0.938745 0.0473038 0.115595
0 0.624162 0.234013 0.0629876 0.129015
0 0.49904 0.246974 0.0612427 0.128103
0 0.319858 0.886085 0.0434266 0.14986
0 0.290716 0.357251 0.0597257 0.13121
0 0.135205 0.390866 0.0577132 0.109483
0 0.754125 0.653114 0.0575832 0.154147
0 0.611842 0.927519 0.0569093 0.132175
0 0.445155 0.350501 0.0692352 0.130853
0 0.441264 0.32681 0.0649671 0.0902484
