1 0.105283 0.258774 0.0603778 0.132815
1 0.422641 0.100029 0.0777642 0.112396
1 0.46818 0.246657 0.0816932 0.15308
1 0.615762 0.314463 0.088012 0.147352
1 0.312631 0.323312 0.0632885 0.171839
1 0.372822 0.593563 0.0735826 0.18802
1 0.838484 0.438449 0.0632977 0.126049
1 0.618831 0.905834 0.04823 0.1309
1 0.96337 0.441445 0.0720901 0.152023
1 0.874345 0.573477 0.0612637 0.114017
1 0.475855 0.416337 0.0747206 0.182577
1 0.703595 0.547697 0.0606661 0.168827
1 0.720583 0.709086 0.0616943 0.150042
0 0.439286 0.907296 0.039889 0.150141
1 0.812189 0.798836 0.0632844 0.149315
0 0.185918 0.527276 0.0548758 0.177575
1 0.589608 0.0936406 0.12261 0.150283
1 0.753505 0.899041 0.0637089 0.146963
1 0.601503 0.0751192 0.144084 0.133428
1 0.583275 0.090993 0.095369 0.130876
0 0.0981693 0.650285 0.0484963 0.0981137
1 0.244587 0.191546 0.0630609 0.156607
0 0.0711611 0.481001 0.0694501 0.193583
