1 0.455577 0.384363 0.0469233 0.102279
1 0.720365 0.718211 0.0450138 0.123162
1 0.591293 0.290745 0.0540854 0.112839
1 0.799378 0.787296 0.072061 0.110983
1 0.292637 0.30879 0.0535038 0.147942
1 0.559697 0.643061 0.0379581 0.0954212
1 0.56767 0.0926868 0.0607385 0.119031
1 0.445122 0.223243 0.0699295 0.131149
1 0.457708 0.479132 0.0444956 0.072272
1 0.621016 0.928598 0.0490341 0.111815
1 0.580317 0.0860894 0.093506 0.14599
0 0.215501 0.138232 0.0500692 0.123436
1 0.348738 0.581986 0.0454377 0.130354
0 0.0610602 0.552707 0.045015 0.0841684
1 0.894671 0.676242 0.0413265 0.0773903
1 0.4398 0.211484 0.0587366 0.105109
0 0.682485 0.302885 0.0585271 0.0908597
0 0.755786 0.912172 0.051214 0.113088
0 0.40062 0.077508 0.0553439 0.0804143
1 0.972516 0.431719 0.0548538 0.117235
0 0.840062 0.430387 0.0418518 0.0966611
1 0.515746 0.580281 0.035951 0.0897441
0 0.516325 0.579977 0.0356039 0.0860972
1 0.0763135 0.257501 0.066429 0.146658
0 0.874777 0.5761 0.0437834 0.0923536
1 0.558324 0.650333 0.0459641 0.112995
