1 0.384433 0.0705264 0.0775283 0.129935
0 0.267824 0.497008 0.065354 0.24677
0 0.128707 0.375068 0.0504999 0.198878
1 0.61414 0.47902 0.138561 0.195085
0 0.933003 0.176816 0.0969609 0.128522
1 0.865914 0.305312 0.0874748 0.219584
0 0.931697 0.490083 0.10316 0.208141
0 0.0734138 0.637753 0.0640642 0.247635
0 0.482283 0.895567 0.0601957 0.178017
0 0.823888 0.678502 0.0919944 0.160191
1 0.717461 0.443821 0.0780521 0.27765
0 0.782627 0.135305 0.086603 0.0837038
0 0.279624 0.109094 0.0531307 0.173211
0 0.408499 0.285723 0.0555673 0.204225
0 0.556393 0.185836 0.0871052 0.184807
