1 0.923294 0.138444 0.0801536 0.140816
1 0.345607 0.445482 0.0587095 0.186429
1 0.283099 0.0708792 0.0469775 0.133927
1 0.587956 0.633958 0.0659952 0.228241
1 0.654178 0.40036 0.0571319 0.167658
1 0.406176 0.96086 0.0495115 0.0779682
1 0.483447 0.29442 0.0606798 0.228013
1 0.575476 0.93201 0.0716587 0.13598
1 0.157874 0.637875 0.0639928 0.178068
1 0.317771 0.673559 0.0687027 0.245511
1 0.262874 0.464838 0.05829 0.197168
1 0.481211 0.553428 0.0563032 0.216468
1 0.410114 0.608668 0.0534528 0.172054
1 0.933958 0.430793 0.0624527 0.226736
1 0.871415 0.530577 0.0573418 0.129053
1 0.41361 0.181544 0.0541534 0.139773
1 0.816618 0.572866 0.0906284 0.198169
1 0.496792 0.799302 0.0793363 0.240847
1 0.0494904 0.433224 0.0464399 0.149533
1 0.853277 0.779695 0.0746953 0.163918
1 0.4595 0.881896 0.0544739 0.121669
0 0.1539 0.927027 0.0473939 0.112197
1 0.174128 0.794824 0.0564288 0.143955
1 0.736237 0.21633 0.0580042 0.136321
1 0.720036 0.35807 0.0510729 0.152026
1 0.72315 0.103739 0.0518724 0.112772
1 0.28082 0.940085 0.0560283 0.106746
1 0.505368 0.784427 0.0645798 0.225457
0 0.921061 0.918226 0.0633347 0.126415
0 0.399511 0.05183 0.0581415 0.10366
1 0.0390315 0.859492 0.0538654 0.0900049
