2 0.736149 0.0484503 0.0520521 0.0589818
0 0.214285 0.477186 0.110528 0.138084
0 0.640442 0.238645 0.14024 0.137002
0 0.74173 0.286588 0.148636 0.139463
0 0.712556 0.633113 0.0586009 0.130453
0 0.589062 0.746147 0.0888695 0.149685
0 0.795187 0.631383 0.0827676 0.177638
0 0.437999 0.260165 0.0853061 0.152401
0 0.57931 0.0547562 0.120934 0.0967829
0 0.394882 0.597156 0.0870219 0.168843
0 0.831561 0.413259 0.172632 0.164705
0 0.196276 0.204218 0.167189 0.0859002
0 0.883194 0.621738 0.0794391 0.181896
0 0.845496 0.393924 0.158387 0.132731
